%YAML:1.0
---
Infantry_big_Camera_Matrix: !!opencv-matrix
   rows: 3
   cols: 3
   dt: d
   data: [ 2.0443544487088000e+03, 0., 3.5248855087252701e+02, 0.,
       2.0332084105066899e+03, -1.9438813831188501e+01, 0., 0., 1. ]
Infantry_big_DistCoeffs: !!opencv-matrix
   rows: 5
   cols: 1
   dt: d
   data: [ -1.0229175430126400e-01, 8.0422588021196095e-01,
       6.4811299748343300e-03, 4.3525751261337103e-03,
       -7.7827682476859099e+00 ]
...
---
Infantry_small_Camera_Matrix: !!opencv-matrix
   rows: 3
   cols: 3
   dt: d
   data: [ 1.0362038223901900e+03, 0., 3.6709147076894197e+02, 0.,
       1.0383256101398599e+03, 3.4385614073952899e+00, 0., 0., 1. ]
Infantry_small_DistCoeffs: !!opencv-matrix
   rows: 5
   cols: 1
   dt: d
   data: [ -1.2089516726236400e-01, 3.2550851660291602e-01,
       1.6868548057220999e-03, 3.3144536731140300e-03,
       -4.2492381374710902e-01 ]
...
---
Sentry_Camera_Matrix: !!opencv-matrix
   rows: 3
   cols: 3
   dt: d
   data: [ 1.0489512674558000e+03, 0., 3.5418966013647201e+02, 0.,
       1.0447649648977899e+03, -9.2367483435785207e+00, 0., 0., 1. ]
Sentry_DistCoeffs: !!opencv-matrix
   rows: 5
   cols: 1
   dt: d
   data: [ -1.3559188951303300e-01, 4.3547800224630201e-01,
       1.6783675584054799e-03, 5.5850023035871003e-03,
       -7.8002657177664203e-01 ]
